      0/99        0G   0.06395   0.02205   0.02636    0.1124         2       576   0.03162    0.1154  0.008867  0.002124    0.1308   0.04031   0.04916
      1/99        0G    0.0645   0.02145   0.02598    0.1119         5       576   0.03361   0.07692  0.008911  0.001912    0.1298   0.03971   0.04763
      2/99        0G   0.05744   0.01951   0.02376    0.1007         2       576   0.03213   0.07692  0.007797  0.001573    0.1266   0.04018   0.04625
      3/99        0G   0.06473   0.01912   0.02264    0.1065         2       576     0.021   0.03846   0.00466  0.001089    0.1236   0.04107   0.04572
      4/99        0G   0.06651    0.0182   0.02457    0.1093         3       576     0.062   0.03846  0.008461  0.002442     0.122   0.04151   0.04387
      5/99        0G   0.05708   0.01752   0.02146   0.09607         6       576    0.5948   0.03846  0.008284  0.002402    0.1221   0.04103   0.04131
      6/99        0G   0.06178   0.01554   0.02514    0.1025         5       576   0.05414   0.03846    0.0084  0.002644    0.1211   0.04217   0.03995
      7/99        0G   0.05132   0.01561   0.02326   0.09019         2       576   0.03722   0.07692  0.008314  0.002628    0.1215   0.04164    0.0373
      8/99        0G     0.057   0.01534   0.01989   0.09223         5       576   0.01684    0.1154  0.006392  0.001545    0.1202   0.04239   0.03568
      9/99        0G   0.05088   0.01472   0.01502   0.08062         9       576    0.0262   0.03846  0.007183  0.001433    0.1175   0.04465   0.03538
     10/99        0G   0.05685   0.01424   0.01746   0.08855         5       576   0.02424   0.07692  0.007827  0.002541    0.1174    0.0443   0.03427
     11/99        0G   0.05887    0.0134   0.01526   0.08753         4       576   0.07327    0.1538   0.02415  0.006936    0.1165   0.04512   0.03285
     12/99        0G   0.04833   0.01263   0.01376   0.07472         2       576    0.1347     0.229   0.08873   0.02207    0.1155   0.04444   0.03015
     13/99        0G   0.04976   0.01183   0.01143   0.07303         2       576    0.6804    0.1538    0.1204   0.03097    0.1179   0.04085   0.02903
     14/99        0G   0.05377   0.01263    0.0123    0.0787         5       576    0.4286    0.2299    0.1435   0.05308    0.1164   0.04126   0.02806
     15/99        0G   0.04735   0.01218   0.01224   0.07177         2       576    0.6865    0.1898    0.1763   0.07009    0.1159   0.04124   0.02645
     16/99        0G   0.04782   0.01129   0.01003   0.06914         7       576    0.2848    0.2308     0.128   0.04296    0.1146   0.04154   0.02589
     17/99        0G   0.04503   0.01096  0.008557   0.06455         5       576    0.3549    0.3462    0.2352   0.03831    0.1145   0.04093   0.02536
     18/99        0G   0.04918   0.01055  0.008202   0.06793         3       576    0.3059    0.1922   0.08346     0.018    0.1144   0.04171   0.02428
     19/99        0G   0.04232   0.01084  0.007432    0.0606         3       576     0.284    0.1527   0.08677   0.01263    0.1181   0.04012    0.0246
     20/99        0G   0.05057   0.01056  0.006665   0.06779         8       576    0.8102    0.1923    0.1932   0.04289     0.121   0.03893    0.0245
     21/99        0G   0.04337   0.01082  0.007636   0.06182         2       576    0.3471    0.2692    0.1903   0.06181     0.121   0.03897   0.02424
     22/99        0G   0.04513   0.01019  0.006665   0.06198         3       576    0.6211    0.2692    0.2312   0.06206    0.1202   0.03963   0.02309
     23/99        0G   0.03805  0.009429  0.005302   0.05278         2       576    0.6006    0.4215    0.3474   0.09937    0.1183   0.04038   0.02254
     24/99        0G   0.04273  0.008573  0.004721   0.05602         3       576    0.7458    0.3462    0.3158   0.07845    0.1195   0.03698   0.02239
     25/99        0G   0.04331  0.008638  0.004949    0.0569         3       576    0.6626    0.4231    0.3779    0.1059    0.1093   0.04396   0.02174
     26/99        0G   0.04598  0.009517   0.00557   0.06107         2       576    0.7148    0.3075    0.3021    0.0967    0.1097   0.04297   0.02124
     27/99        0G     0.046  0.008725  0.004773    0.0595         4       576    0.3833    0.3462    0.2181   0.05884    0.1094   0.04365   0.02097
     28/99        0G   0.05218  0.008735   0.00674   0.06765         8       576    0.3706    0.3462    0.2609   0.09502    0.1096   0.04428   0.02064
     29/99        0G   0.04616  0.008911  0.004977   0.06005         6       576    0.2922    0.4615    0.1743   0.04241    0.1129   0.04169   0.02061
     30/99        0G   0.04964  0.008515  0.004625   0.06278         3       576    0.5686    0.2688    0.2212   0.02941    0.1142   0.04068    0.0209
     31/99        0G   0.04914  0.007573  0.004495   0.06121         7       576    0.2856    0.1923    0.1809   0.04627    0.1224   0.03643   0.02225
     32/99        0G    0.0429  0.007517  0.005463   0.05587         2       576    0.6036    0.2302    0.2292   0.06588     0.121   0.03776   0.02281
     33/99        0G   0.04544   0.00851  0.008127   0.06208         5       576    0.7141    0.3077    0.3034    0.1261    0.1197   0.03826   0.02353
     34/99        0G    0.0331  0.008317  0.006159   0.04757         5       576     0.458    0.3462    0.3362    0.1026    0.1193   0.03746   0.02403
     35/99        0G   0.03901  0.008963  0.004007   0.05198         3       576    0.4626    0.3462    0.3394    0.1285    0.1181   0.03795   0.02396
     36/99        0G   0.03144  0.007501   0.00299   0.04193         3       576    0.3193    0.3444    0.2219   0.08083    0.1203   0.03601   0.02372
     37/99        0G   0.04358  0.008012  0.004418   0.05601         6       576    0.3158    0.2308    0.1505   0.03036    0.1212   0.03522   0.02331
     38/99        0G   0.04422  0.007236  0.003651   0.05511         8       576    0.4608      0.23    0.2413   0.05357    0.1206   0.03528   0.02288
     39/99        0G   0.04385  0.007536  0.003114    0.0545         3       576    0.5438     0.268    0.2298    0.1013    0.1208   0.03501   0.02014
     40/99        0G   0.04099  0.006269  0.003112   0.05037         3       576    0.4084    0.3077    0.2567    0.1158    0.1184   0.03714   0.01986
     41/99        0G    0.0393  0.006838  0.003422   0.04956         2       576    0.8486    0.3077    0.3508    0.1152    0.1179   0.03704   0.01942
     42/99        0G   0.03558  0.006713  0.002376   0.04467         3       576    0.4927    0.2692    0.3148   0.05805    0.1186   0.03663   0.01897
     43/99        0G   0.03505  0.006648  0.002417   0.04411         3       576    0.4927    0.2692    0.3148   0.05805    0.1186   0.03663   0.01897
     44/99        0G   0.03454  0.006287  0.002418   0.04325         2       576       0.5    0.1922    0.2115   0.06434    0.1243   0.03173   0.01897
     45/99        0G   0.04046  0.005408  0.003931    0.0498         2       576    0.5477    0.3846    0.3152   0.05793    0.1209   0.03525   0.01888
     46/99        0G   0.03698  0.007656  0.003156   0.04779         5       576    0.7905    0.3462    0.3997     0.146    0.1189   0.03558   0.01877
     47/99        0G   0.03187   0.00687  0.003234   0.04198         3       576    0.8396    0.3462    0.3971     0.183    0.1184    0.0356   0.01855
     48/99        0G   0.03311  0.006803  0.002248   0.04216         2       576    0.6007    0.4231    0.3684   0.09034    0.1177   0.03761   0.01852
     49/99        0G   0.03721  0.006425   0.00442   0.04805         3       576    0.7658    0.2686    0.3336    0.1074    0.1164   0.03867   0.01839
     50/99        0G   0.03441  0.007185  0.003172   0.04476         3       576    0.9591    0.3462    0.5245    0.2324    0.1131   0.04052   0.01823
     51/99        0G   0.02895  0.008431  0.002468   0.03984         6       576    0.5822    0.4596    0.4935    0.1472    0.1138   0.04001   0.01839
     52/99        0G   0.02487  0.007751  0.002626   0.03524         5       576    0.8627    0.3842    0.5246    0.1939    0.1137   0.03972   0.01849
     53/99        0G   0.02634  0.008279  0.002516   0.03714         5       576    0.9135    0.3462    0.5401    0.2799    0.1123   0.04024   0.01821
     54/99        0G    0.0281  0.008299  0.002438   0.03884         5       576    0.5349    0.5371    0.5255    0.1506     0.113   0.04043   0.01829
     55/99        0G   0.03068  0.007649  0.002119   0.04045         9       576     0.698     0.537    0.6269    0.2531    0.1101   0.04125   0.01805
     56/99        0G   0.02956  0.007941  0.002719   0.04022         2       576     0.698     0.537    0.6269    0.2531    0.1101   0.04125   0.01805
     57/99        0G    0.0307  0.007029  0.002026   0.03976         1       576    0.6118    0.5354    0.5566    0.1994    0.1103   0.04102   0.01751
     58/99        0G   0.03162  0.008733  0.002367   0.04272         6       576    0.6006    0.5385    0.5214    0.1841    0.1106   0.04049   0.01735
     59/99        0G   0.03033  0.007491  0.002331   0.04015         6       576    0.5476    0.5766    0.5404     0.172    0.1104   0.04059   0.01728
     60/99        0G   0.02738  0.006878  0.001887   0.03614         3       576    0.5523       0.5    0.4865     0.166    0.1102   0.04085   0.01749
     61/99        0G   0.02872  0.007751  0.002094   0.03857         7       576    0.6311    0.5385    0.5163    0.1534    0.1104   0.04061   0.01765
     62/99        0G   0.02814  0.007315  0.001696   0.03715         2       576    0.5002       0.5    0.4742    0.1488    0.1108   0.04055   0.01764
     63/99        0G   0.02927  0.008906  0.001904   0.04008         6       576     0.588    0.6104    0.5881    0.2226    0.1106   0.03935   0.01759
     64/99        0G   0.02939  0.007201   0.00295   0.03954         3       576     0.549    0.3462    0.3709   0.06098    0.1128    0.0398   0.01779
     65/99        0G   0.03499   0.00682  0.001997   0.04381         4       576     0.549    0.3462    0.3709   0.06098    0.1128    0.0398   0.01779
     66/99        0G   0.03866  0.007751   0.00235   0.04876         5       576    0.2146    0.6154    0.2094   0.04843    0.1154   0.03877    0.0177
     67/99        0G   0.03933  0.007023  0.002162   0.04852         3       576    0.4192    0.3077    0.2778   0.04557    0.1156   0.03878   0.01754
     68/99        0G   0.03867  0.006474  0.002132   0.04728         4       576    0.4305    0.3077    0.2751   0.05568    0.1149   0.03904   0.01756
     69/99        0G   0.03765  0.006993  0.002132   0.04677         5       576    0.3602     0.575    0.3277   0.08309    0.1129   0.03978   0.01775
     70/99        0G   0.03823  0.006813   0.00333   0.04837         1       576    0.5106       0.5    0.5142    0.1382    0.1097   0.04044   0.01766
     71/99        0G   0.02978  0.007637  0.001895   0.03931         5       576    0.5106       0.5    0.5142    0.1382    0.1097   0.04044   0.01766
     72/99        0G   0.03004  0.006568  0.002453   0.03906         9       576    0.5699    0.6154    0.5458     0.163    0.1093   0.04021   0.01752
     73/99        0G   0.02957  0.007575  0.002641   0.03979         6       576    0.5221    0.6141    0.5502    0.1912    0.1089   0.04002   0.01772
     74/99        0G   0.03263  0.006695  0.005663   0.04499         2       576    0.6782    0.6405    0.6269    0.2764    0.1079   0.04035   0.01762
     75/99        0G   0.02755  0.007835  0.002093   0.03748         5       576    0.6909    0.6923    0.6234    0.3168    0.1062   0.04127   0.01723
     76/99        0G   0.02648  0.009281  0.003495   0.03925        10       576    0.6979    0.7646    0.6817    0.3252    0.1053   0.04203   0.01702
     77/99        0G   0.02356  0.008361  0.002085   0.03401         6       576    0.6979    0.7646    0.6817    0.3252    0.1053   0.04203   0.01702
     78/99        0G   0.02352  0.007425  0.001742   0.03269         5       576    0.6317    0.7308    0.6265    0.2757    0.1054    0.0422   0.01689
     79/99        0G   0.02246  0.007387  0.002164   0.03201         4       576     0.693     0.769    0.6577    0.2877    0.1051   0.04247   0.01706
     80/99        0G   0.02361   0.00835  0.001788   0.03375         6       576    0.7349    0.7521    0.7259    0.3399    0.1043   0.04266   0.01704
     81/99        0G   0.02257  0.009276  0.001971   0.03382         6       576    0.7669    0.7458    0.7289    0.2834     0.105   0.04267   0.01712
     82/99        0G   0.02922  0.008057  0.005384   0.04266         2       576    0.7669    0.7458    0.7289    0.2834     0.105   0.04267   0.01712
     83/99        0G    0.0222  0.006532  0.002051   0.03078         3       576    0.7085    0.6923    0.6473    0.2409    0.1057   0.04216    0.0172
     84/99        0G   0.02491  0.007351  0.001756   0.03401         4       576    0.7352    0.5585    0.5957    0.2129    0.1061   0.04199   0.01723
     85/99        0G    0.0261  0.008199   0.00323   0.03753         7       576    0.6744    0.5567    0.6065    0.2537     0.105   0.04228   0.01706
     86/99        0G   0.02232  0.007063   0.00198   0.03136         3       576     0.693    0.6154    0.6269    0.2779     0.104   0.04218   0.01679
     87/99        0G   0.02264   0.00683  0.001926    0.0314         3       576     0.693    0.6154    0.6269    0.2779     0.104   0.04218   0.01679
     88/99        0G   0.02066  0.005997  0.002066   0.02873         2       576    0.5929    0.6923    0.6359    0.2975    0.1033   0.04227   0.01677
     89/99        0G   0.02535  0.007076  0.002048   0.03447         2       576    0.8981    0.7308    0.7904    0.3274    0.1026   0.04235   0.01661
     90/99        0G   0.02226  0.008258  0.002022   0.03254         7       576    0.8981    0.7308    0.7904    0.3274    0.1026   0.04235   0.01661
     91/99        0G   0.02002  0.007021   0.00231   0.02935         3       576    0.7139    0.8077     0.745    0.3136    0.1026    0.0424   0.01669
     92/99        0G   0.02177  0.008729  0.003063   0.03357         4       576    0.7139    0.8077     0.745    0.3136    0.1026    0.0424   0.01669
     93/99        0G   0.01997   0.00812  0.001899   0.02999         5       576    0.8299    0.7292    0.7543    0.3135    0.1026   0.04262   0.01659
     94/99        0G   0.02082  0.008695  0.002143   0.03166         5       576    0.8263      0.69    0.7491    0.3098    0.1025   0.04279   0.01667
     95/99        0G   0.02176  0.008244  0.002564   0.03257         3       576    0.8263      0.69    0.7491    0.3098    0.1025   0.04279   0.01667
     96/99        0G   0.01951  0.007708   0.00191   0.02913         3       576    0.8367    0.7272    0.7575    0.3124    0.1026   0.04273   0.01664
     97/99        0G   0.02035  0.007036  0.001848   0.02924         3       576    0.7883    0.7672    0.7556    0.3173    0.1023    0.0427   0.01645
     98/99        0G    0.0209  0.007783  0.002079   0.03076         6       576    0.7883    0.7672    0.7556    0.3173    0.1023    0.0427   0.01645
     99/99        0G   0.02004  0.007741  0.001947   0.02973         1       576    0.7252    0.7308    0.7058    0.3189    0.1023   0.04261   0.01655
